param	a0	af	n	p0	se	tm	alpha
se	0.5	0.1	100	0.01	0	12	0.0415
se	0.5	0.1	100	0.01	0.02	12	0.0439
se	0.5	0.1	100	0.01	0.04	12	0.0436
se	0.5	0.1	100	0.01	0.061	12	0.0459
se	0.5	0.1	100	0.01	0.081	12	0.0546
se	0.5	0.1	100	0.01	0.101	12	0.0567
se	0.5	0.1	100	0.01	0.121	12	0.063
se	0.5	0.1	100	0.01	0.141	12	0.0721
se	0.5	0.1	100	0.01	0.162	12	0.082
se	0.5	0.1	100	0.01	0.182	12	0.091
se	0.5	0.1	100	0.01	0.202	12	0.0975
se	0.5	0.1	100	0.01	0.222	12	0.1114
se	0.5	0.1	100	0.01	0.242	12	0.1203
se	0.5	0.1	100	0.01	0.263	12	0.1243
se	0.5	0.1	100	0.01	0.283	12	0.1309
se	0.5	0.1	100	0.01	0.303	12	0.1441
se	0.5	0.1	100	0.01	0.323	12	0.1544
se	0.5	0.1	100	0.01	0.343	12	0.1546
se	0.5	0.1	100	0.01	0.364	12	0.1662
se	0.5	0.1	100	0.01	0.384	12	0.1586
se	0.5	0.1	100	0.01	0.404	12	0.1691
se	0.5	0.1	100	0.01	0.424	12	0.172
se	0.5	0.1	100	0.01	0.444	12	0.1816
se	0.5	0.1	100	0.01	0.465	12	0.1827
se	0.5	0.1	100	0.01	0.485	12	0.19
se	0.5	0.1	100	0.01	0.505	12	0.1848
se	0.5	0.1	100	0.01	0.525	12	0.1937
se	0.5	0.1	100	0.01	0.545	12	0.1896
se	0.5	0.1	100	0.01	0.566	12	0.1903
se	0.5	0.1	100	0.01	0.586	12	0.1978
se	0.5	0.1	100	0.01	0.606	12	0.2069
se	0.5	0.1	100	0.01	0.626	12	0.2003
se	0.5	0.1	100	0.01	0.646	12	0.2028
se	0.5	0.1	100	0.01	0.667	12	0.206
se	0.5	0.1	100	0.01	0.687	12	0.2091
se	0.5	0.1	100	0.01	0.707	12	0.2046
se	0.5	0.1	100	0.01	0.727	12	0.2062
se	0.5	0.1	100	0.01	0.747	12	0.2108
se	0.5	0.1	100	0.01	0.768	12	0.2119
se	0.5	0.1	100	0.01	0.788	12	0.2111
se	0.5	0.1	100	0.01	0.808	12	0.2145
se	0.5	0.1	100	0.01	0.828	12	0.2106
se	0.5	0.1	100	0.01	0.848	12	0.2062
se	0.5	0.1	100	0.01	0.869	12	0.2084
se	0.5	0.1	100	0.01	0.889	12	0.2154
se	0.5	0.1	100	0.01	0.909	12	0.2188
se	0.5	0.1	100	0.01	0.929	12	0.2137
se	0.5	0.1	100	0.01	0.949	12	0.217
se	0.5	0.1	100	0.01	0.97	12	0.2175
se	0.5	0.1	100	0.01	0.99	12	0.2219
se	0.5	0.1	100	0.01	1.01	12	0.2166
se	0.5	0.1	100	0.01	1.03	12	0.2185
se	0.5	0.1	100	0.01	1.051	12	0.2208
se	0.5	0.1	100	0.01	1.071	12	0.2204
se	0.5	0.1	100	0.01	1.091	12	0.2193
se	0.5	0.1	100	0.01	1.111	12	0.2253
se	0.5	0.1	100	0.01	1.131	12	0.2227
se	0.5	0.1	100	0.01	1.152	12	0.2209
se	0.5	0.1	100	0.01	1.172	12	0.2254
se	0.5	0.1	100	0.01	1.192	12	0.2198
se	0.5	0.1	100	0.01	1.212	12	0.2285
se	0.5	0.1	100	0.01	1.232	12	0.2175
se	0.5	0.1	100	0.01	1.253	12	0.2184
se	0.5	0.1	100	0.01	1.273	12	0.2222
se	0.5	0.1	100	0.01	1.293	12	0.2285
se	0.5	0.1	100	0.01	1.313	12	0.2223
se	0.5	0.1	100	0.01	1.333	12	0.2268
se	0.5	0.1	100	0.01	1.354	12	0.2256
se	0.5	0.1	100	0.01	1.374	12	0.2177
se	0.5	0.1	100	0.01	1.394	12	0.2258
se	0.5	0.1	100	0.01	1.414	12	0.2277
se	0.5	0.1	100	0.01	1.434	12	0.2235
se	0.5	0.1	100	0.01	1.455	12	0.2188
se	0.5	0.1	100	0.01	1.475	12	0.2269
se	0.5	0.1	100	0.01	1.495	12	0.2219
se	0.5	0.1	100	0.01	1.515	12	0.2267
se	0.5	0.1	100	0.01	1.535	12	0.2249
se	0.5	0.1	100	0.01	1.556	12	0.2277
se	0.5	0.1	100	0.01	1.576	12	0.2283
se	0.5	0.1	100	0.01	1.596	12	0.2306
se	0.5	0.1	100	0.01	1.616	12	0.2305
se	0.5	0.1	100	0.01	1.636	12	0.2265
se	0.5	0.1	100	0.01	1.657	12	0.2298
se	0.5	0.1	100	0.01	1.677	12	0.2285
se	0.5	0.1	100	0.01	1.697	12	0.2306
se	0.5	0.1	100	0.01	1.717	12	0.2389
se	0.5	0.1	100	0.01	1.737	12	0.2239
se	0.5	0.1	100	0.01	1.758	12	0.2268
se	0.5	0.1	100	0.01	1.778	12	0.2288
se	0.5	0.1	100	0.01	1.798	12	0.2214
se	0.5	0.1	100	0.01	1.818	12	0.2236
se	0.5	0.1	100	0.01	1.838	12	0.2219
se	0.5	0.1	100	0.01	1.859	12	0.2352
se	0.5	0.1	100	0.01	1.879	12	0.2298
se	0.5	0.1	100	0.01	1.899	12	0.225
se	0.5	0.1	100	0.01	1.919	12	0.2377
se	0.5	0.1	100	0.01	1.939	12	0.2224
se	0.5	0.1	100	0.01	1.96	12	0.2322
se	0.5	0.1	100	0.01	1.98	12	0.2294
se	0.5	0.1	100	0.01	2	12	0.2392
