model	logitp0	time	cofac	se	criterion	lrt	p
mu_temperature	-0.278037207554991	0.32571557125031	1.26221734462666	0	61.2628296228867	15.6099776144177	7.78427518432091e-05
Delta_physicians	-0.534850603028218	0.399570308550391	0.428719246048959	0.325104785668453	74.2668194688468	2.60598776845755	0.106460806976769
mu_physicians	-2.82370983103176	0.580627763157366	-0.252450010338328	0.318846415490501	75.6893759646171	1.18343127268722	0.276658562100527
mu_hospitals	-1.31182808903178	0.450562020060793	0.441295545311983	0.443052520529329	75.7875978487983	1.08520938850606	0.297535096305646
Delta_temperature	-2.52736849212703	0.573140665172706	-0.202317343393239	0.348944108969554	76.2466874786267	0.626119758677675	0.428782194419773
Delta_age	-1.24715447966088	0.45762642061067	0.161906733444446	0.406925977058975	76.4515897016405	0.421217535663814	0.516330142059676
mu_income	-2.35723009878667	0.546588561192593	-0.138620104305513	0.377241730812574	76.4600860275582	0.412721209746167	0.520591548231247
mu_households	-1.4626730436492	0.473990241081736	0.0944075829754473	0.415190207593814	76.7306664758829	0.142140761421487	0.706162012994081
Delta_hospitals	-2.07799870558468	0.52714996511641	-0.0700772592612903	0.400189281964303	76.7506732070948	0.122134030209537	0.726731388872759
Delta_coverage	-1.50268177102066	0.478888338464996	0.0805071006291157	0.413874291545068	76.7623822232858	0.110425014018553	0.739660781316249
Delta_density	-1.56391212840067	0.485839866333255	0.0820112479775481	0.415840305325867	76.7864284821733	0.0863787551310295	0.768832309396321
mu_coverage	-1.63052095202181	0.489895138350978	0.0449121976999014	0.414323114809329	76.8409199008823	0.0318873364220593	0.858275151118738
mu_density	-1.73025328413803	0.500971544833142	-0.0414544022292492	0.407962093114659	76.8519038188672	0.0209034184371717	0.885042374198219
mu_age	-1.87973463982513	0.511033890531041	-0.0256705585108876	0.406878478124209	76.8621325407049	0.0106746965994802	0.917710254163845
Delta_income	-1.82328582326471	0.506501680379474	-0.00999318338980594	0.409164402784087	76.871138215766	0.0016690215383619	0.967412560513188
Delta_households	-1.77974731125944	0.502752241052251	0.00205451738269609	0.410677296500498	76.8727355374831	7.16998212482167e-05	0.993243933616757
nul	-1.78724486798787	0.503422327174076	NA	0.410446607225424	71.6347119992091	0	1
