model	logitp0	time	cofac	se	criterion	lrt	p
mu_temperature	-2.63184810261448	0.529330798312183	0.479189394134837	0	65.5631112896382	11.3096959476661	0.000771033972644733
mu_hospitals	-1.93645774270007	0.493468692887156	0.41206105695051	0.233816897773831	70.5780524122237	6.29475482508067	0.0121095765747667
Delta_physicians	-1.26456786192654	0.45346309224666	0.401805470263583	0.277716717860165	73.2281374375109	3.64466979979345	0.0562489566444161
Delta_hospitals	-3.19308848765069	0.616714951090114	-0.288612609418911	0.258576826416783	73.9456219254268	2.92718531187753	0.0870992238016817
mu_income	-3.08215247445532	0.596950982425257	-0.276041950750806	0.283454150896217	74.7742566183539	2.0985506189505	0.147438841750324
Delta_income	-2.75605903187391	0.587224227847937	-0.25452820221328	0.335152851731283	75.3119174562795	1.56088978102486	0.211534986773526
mu_physicians	-2.6291040861747	0.549555742361458	-0.214075286058977	0.341387263497111	75.5139129261823	1.35889431112206	0.243729199049199
Delta_temperature	-2.60376068508924	0.574332967996629	-0.20405754942908	0.355077233826644	75.5964584428147	1.27634879448967	0.258579020567885
mu_density	-2.04420141040206	0.527803749009185	0.331269697078716	0.410555456355494	75.6356574354646	1.23714980183974	0.26602106438532
Delta_households	-2.50456466025495	0.566749981084213	-0.166325234337265	0.370681792272514	76.0265857353175	0.846221501986832	0.357623458822541
mu_age	-2.20407015544377	0.534554133991706	-0.0998425761434906	0.393259086538052	76.6269417017581	0.245865535546272	0.620001445341465
Delta_density	-2.04013340255352	0.530160969451591	-0.115024732698582	0.407246374972004	76.6469367441048	0.22587049319953	0.634602846341369
Delta_coverage	-2.13290209721564	0.532120234954463	-0.0848395465967059	0.40122814536702	76.6699820089473	0.202825228357099	0.652450002748559
Delta_age	-1.51320327333641	0.482314253553241	0.0836211830348376	0.401038249813314	76.7136587349769	0.159148502327483	0.689941682708537
mu_households	-2.05404634806997	0.527137723033688	-0.0632098493221447	0.400959586006768	76.7740707126558	0.0987365246485297	0.753351154499353
mu_coverage	-2.04440215404678	0.524442053700404	-0.0615904401925586	0.402043969337333	76.7814079991246	0.0913992381797613	0.762405793950294
nul	-1.78724486798787	0.503422327174076	NA	0.410446607225424	71.6347119992091	0	1
